81
58
74
41
59
30
28
58
42
97
34
17
91
32
35
51
2
52
89
15
28
61
64
1
9
54
57
55
69
20
43
24
30
41
29
73
59
34
19
56
91
89
33
11
49
92
5
75
73
28
89
24
17
77
98
20
93
73
33
6
73
72
88
22
54
11
87
50
3
62
92
68
33
34
24
39
29
54
52
16
49
81
82
42
31
20
8
53
43
9
80
86
1
14
82
20
1
11
56
38
5
54
72
12
36
22
91
83
54
60
91
39
21
17
57
91
89
47
91
35
3
35
8
94
81
7
67
19
51
4
38
18
98
14
11
94
9
71
7
9
28
25
98
82
17
41
65
84
57
91
30
54
19
22
36
70
46
78
30
29
54
72
33
50
22
74
41
8
6
62
82
19
41
83
7
78
36
26
77
40
41
83
62
60
74
84
98
76
78
41
49
30
42
77
54
56
91
48
60
43
99
58
78
94
9
12
13
36
15
57
35
21
2
89
87
71
10
72
76
38
75
64
29
65
13
53
77
64
29
51
86
87
65
34
40
83
6
67
52
63
71
63
62
22
6
28
29
52
89
83
46
19
72
23
68
36
29
13
81
55
34
49
8
64
70
47
55
67
49
5
65
42
21
13
66
13
3
8
60
84
24
25
74
45
5
67
16
43
66
5
55
93
86
96
29
23
56
98
52
59
73
61
4
85
18
4
97
59
57
55
33
22
53
96
32
10
74
62
59
3
32
13
2
44
49
72
56
25
84
43
57
5
55
1
12
63
22
89
28
1
69
56
85
11
71
33
41
89
64
19
48
93
39
49
27
60
60
59
36
45
48
73
75
14
98
29
66
52
85
68
87
84
35
58
33
76
27
90
72
17
32
67
61
65
95
63
65
7
73
51
4
63
54
82
53
96
81
72
13
43
67
88
5
96
32
64
59
81
17
51
34
70
86
20
13
80
12
10
19
35
64
60
78
34
65
25
30
52
5
36
94
54
77
30
50
44
63
65
34
31
4
84
90
23
18
33
76
35
69
73
84
71
54
77
79
7
11
70
31
7
34
8
76
80
56
79
92
57
69
69
17
47
75
87
32
79
70
56
16
32
49
95
82
32
51
23
1
1
51
43
34
92
34
28
97
96
8
10
66
39
41
20
65
99
56
38
96
67
46
99
37
54
55
98
57
39
25
45
29
33
79
92
7
27
36
25
14
48
89
35
71
60
90
76
91
30
30
82
75
14
27
33
54
51
7
79
38
36
70
59
72
63
80
33
60
49
14
39
64
32
24
48
77
12
28
76
64
78
8
28
9
42
69
16
7
46
38
55
21
57
86
78
77
31
62
9
80
58
17
42
17
91
19
43
89
79
56
43
23
30
15
59
28
43
51
31
93
65
27
15
12
58
18
7
45
46
71
47
49
20
96
7
62
65
12
18
23
27
26
28
89
94
32
90
42
28
50
34
80
32
16
15
31
2
31
58
73
12
98
43
8
10
94
4
34
9
97
63
32
34
8
67
39
98
25
17
26
28
65
18
96
37
67
17
4
81
75
60
34
53
44
11
29
82
20
80
1
28
57
34
30
86
3
47
25
48
76
32
77
15
32
46
47
80
47
71
43
77
99
52
33
38
30
78
89
96
39
57
79
45
17
97
71
31
88
11
34
20
92
55
6
43
83
19
22
98
63
48
36
49
38
23
29
5
1
92
56
25
57
29
10
19
53
32
98
34
75
17
92
36
37
23
85
45
47
90
54
11
57
91
33
90
21
31
8
93
69
66
30
95
54
10
63
64
46
86
90
51
21
87
23
47
56
99
12
16
37
84
57
11
38
46
67
66
95
20
97
22
25
5
64
9
86
96
82
28
59
22
98
60
99
4
90
70
68
86
34
22
20
92
56
85
10
19
57
9
42
97
68
26
88
68
26
17
23
15
60
59
17
84
56
16
85
96
12
35
56
97
97
10
85
76
3
33
48
78
99
68
40
73
85
62
53
73
72
32
77
73
47
54
26
74
5
35
36
41
1
13
8
23
53
45
1
59
41
13
65
93
68
44
15
92
20
43
98
93
62
12
25
79
58
82
50
43
83
11
71
68
96
7
77
87
60
18
21
41
62
94
33
60
66
84
5
3
40
33
55
61
37
43
79
88
87
29
64
71
94
57
75
30
41
97
96
62
66
28
33
3
23
58
31
67
79
65
13
73
77
47
4
50
56
11
31
54
28
89
99
32
53
50
46
6
19
3
19
69
87
43
37
12
1
52
39
78
13
12
9
23
16
90
